 coverage Shannon Inv. Simpson Fisher's α Observed ACE
C2_120_0.01_1 1 2.70229619180726 10.5237966106605 4.91101785516917 41 41
C2_120_0.01_2 1 2.7022401250077 10.3971819917135 5.57451509724238 47 47
C2_120_0.01_3 1 2.69016297809075 10.5161064227372 4.46010056629377 39 NA
C2_120_1_1 1 2.70486854317345 11.1280617490198 3.70353199685902 28 28
C2_120_1_2 1 2.70845595541324 10.523602660793 5.36270733338571 45 45
C2_120_1_3 1 2.75634489836273 11.313217084173 4.89037650173922 39 39
C2_120_100_1 1 2.80847488850322 12.0284185072665 6.41830187085739 51 51
C2_120_100_2 1 2.65536387582737 10.0477577963904 5.18360331361506 43 43
C2_120_100_3 1 2.73331585559202 11.1025456485045 5.86681636401567 49 49
C2_120_NB12_1 1 2.72965091600327 10.8658360697668 5.67433114666247 48 48
C2_120_NB12_2 1 2.72714281337226 10.8382645457939 6.03940201850717 51 51
C2_120_NB12_3 1 2.72291871555569 10.9200814442054 4.6586059019445 40 40
