 coverage Shannon Inv. Simpson Fisher's α Observed ACE
C3_178_0.01_1 1 2.84061521863229 12.0706010846319 7.21989652054144 58 58
C3_178_0.01_2 1 2.96750062151696 13.4569423462927 8.85308042035628 67 67
C3_178_0.01_3 1 2.79989451896476 12.2606361865267 5.54913681594969 45 45
C3_178_1_1 1 2.89463875380533 12.6887843418809 7.83465076990337 62 62
C3_178_1_2 1 2.78160650979234 11.2859710127302 6.82380368587857 56 56
C3_178_1_3 1 2.75350856505509 11.6056636432203 4.96287233004006 38 38
C3_178_100_2 1 2.80230917192437 11.1888225728831 8.82027833005292 66 66
C3_178_100_3 1 2.72897598063129 10.7989428709864 6.59272516913367 53 53
C3_178_NB12_1 1 2.83263104226606 11.9420545042994 7.53724467208113 61 61
C3_178_NB12_2 1 2.80864320915891 12.1485676187963 6.73906951508005 53 53
C3_178_NB12_3 1 2.85282478549204 12.2015562154251 7.98717226267699 65 65
