 coverage Shannon Inv. Simpson Fisher's α Observed ACE
C4_241_0.01_1 1 2.69559783578892 10.6501510301727 6.02512080392856 51 51
C4_241_0.01_2 1 2.64959548996247 10.0607508909309 6.02092702414739 51 51
C4_241_0.01_3 1 2.67668381004645 10.618980382558 5.42101425162958 46 46
C4_241_1_1 1 2.68538660184875 10.3995026125977 5.14882010645595 44 44
C4_241_1_2 1 2.70909221904518 10.8080952418262 6.00007106136906 51 51
C4_241_1_3 1 2.72305656821467 10.9542264804112 5.56656293692602 47 47
C4_241_100_1 1 2.62600424828963 9.81282734580783 5.03195956876151 43 43
C4_241_100_2 0.999905441822448 2.63062168901127 9.84632691114052 5.8596387609701 48 49.3395176252319
C4_241_100_3 1 2.66296179175655 10.3346913402294 5.50652481555674 47 47
C4_241_NB12_1 1 2.81116163761729 12.2397536730593 5.97313161878365 50 50
C4_241_NB12_2 1 2.72836391697558 11.3712786631217 7.61721650108007 62 62
