 coverage Shannon Inv. Simpson Fisher's α Observed ACE
C1_47_0.01_1 1 2.7290514652127 11.4898052418788 4.67225616496432 40 40
C1_47_0.01_2 1 2.70965773182741 10.9467996873897 4.82564208290452 41 41
C1_47_0.01_3 1 2.71557868107359 11.1125816573021 5.33168445391496 46 46
C1_47_1_1 1 2.71101281948381 11.1976292805961 4.59285674153284 39 39
C1_47_1_2 1 2.6859539376478 10.8419012158698 4.93050743515615 43 43
C1_47_1_3 1 2.72623721625784 11.2838431954861 5.08550090735773 43 43
C1_47_100_1 1 2.70197365595594 11.1545166875163 5.43391079499948 47 47
C1_47_100_2 1 2.72436611137673 11.1335791634724 4.95785137905876 42 42
C1_47_100_3 1 2.71476417374579 11.1391987475943 4.69310082981923 40 40
C1_47_NB12_1 1 2.76231545004243 11.6693296252722 5.6095340865605 48 48
C1_47_NB12_2 1 2.76460820999677 11.8698197519347 5.15446586296915 44 44
