	input	filtered	denoisedF	denoisedR	merged	nonchim
01_12C2h36f9	57969	49499	49095	48802	46163	34660
01_T1h0	39554	36192	36011	35936	35291	33354
02_12C3h36f9	50277	43070	42697	42393	40408	31408
02_T2h0	39904	36773	36579	36537	35574	34265
03_13C2h36f5	60271	52344	51995	51771	50210	42256
03_T3h0	44800	40758	40552	40407	39878	38095
04_13C2h36f9	62612	53972	53430	53352	50817	40001
04_S1h0	43778	40186	40023	39955	39204	37916
05_13C3h36f5	54439	47381	47046	46958	45536	37534
05_S2h0	40072	36815	36510	36562	35822	34343
06_13C3h36f9	60064	52263	51868	51712	49510	39039
06_S3h0	43886	40612	40430	40376	39396	37823
07_12C1h72f9	45330	39078	38719	38656	36690	29017
07_T1h12	35131	32157	31998	31972	31333	29299
08_12C2h72f9	68272	58538	58037	57799	54882	41651
08_T2h12	39476	36347	36136	36071	35531	34156
09_12C3h72f9	57163	49157	48609	48539	46036	34757
09_T3h12	37860	35023	34840	34779	34295	32995
10_13C1h72f5	60573	52753	52439	52308	51063	45087
10_S1h12	44343	40806	40649	40479	39929	38405
11_13C1h72f9	63170	54348	53881	53717	51045	40497
11_S2h12	42609	39490	39209	39159	38263	36461
12_13C2h72f5	57531	50142	49861	49791	48634	43335
12_S3h12	45496	42271	42048	41961	41023	39175
13_13C2h72f9	54988	47757	47239	47212	44650	35872
13_T1h36	41706	38366	38207	38194	37434	34285
14_13C3h72f5	65561	57479	57242	57020	55700	48360
14_T2h36	32651	30187	30011	29877	29150	27631
15_13C3h72f9	67835	58603	58000	58082	55271	42988
15_T3h36	49459	45422	45186	44989	44173	41878
16_12C1h117f9	66713	57647	57168	57057	54222	41186
16_S1h36	48541	44615	44419	44323	43506	41754
17_12C2h117f9	60364	51872	51340	51192	48205	36115
17_S2h36	40516	37012	36845	36680	35977	34509
18_12C3h117f9	63636	54724	54325	54093	51451	38521
18_S3h36	48724	44438	44080	43913	41718	40117
19_13C1h117f6	57655	50549	50300	50155	49129	43951
19_T1h54	44189	40999	40849	40710	39780	35982
20_13C1h117f9	66090	56496	55990	55900	53183	43507
20_T2h54	45529	41712	41407	41243	40321	37753
21_13C2h117f5	45930	40169	39916	39837	38869	34534
21_T3h54	45709	42115	41739	41679	40657	38606
22_13C2h117f9	53166	45820	45467	45385	43845	39119
22_S1h54	27739	25087	24794	24619	22714	21773
23_13C3h117f5	52210	45510	45161	45168	43756	38168
23_S2h54	41399	38189	37963	37829	36875	35038
24_13C3h117f9	63021	54510	53978	54006	51536	39713
24_S3h54	27031	24801	24667	24538	24021	23149
25_12C1h141f9	61596	53155	52594	52436	49216	35247
25_T1h66	41146	37950	37705	37739	36798	33439
26_12C2h141f9	64814	55641	55210	54912	52326	39094
26_T2h66	47671	43435	43207	43048	42151	39614
27_12C3h141f9	72175	61912	61469	61238	57811	42931
27_T3h66	7035	6466	6391	6382	6225	6179
28_13C1h141f5	35973	31182	30920	30765	29964	27164
28_S1h66	47380	43703	43445	43364	42466	40380
29_13C1h141f9	65356	56435	55884	55800	52943	41149
29_S2h66	44919	41171	41000	40821	39957	38145
30_13C2h141f5	71650	62545	62279	62105	60717	54138
30_S3h66	12551	11683	11589	11605	11419	11199
31_13C2h141f9	83192	70990	70477	70048	66598	51321
31_T1h78	40489	37481	37253	37201	36402	32926
32_13C3h141f5	60634	52820	52547	52339	51239	45063
32_T2h78	50056	46083	45782	45636	44670	42178
33_13C3h141f9	52509	44641	43995	43986	40745	27004
33_T3h78	51108	46751	46395	46289	45091	42623
34_S1h78	45440	42015	41732	41628	40463	38764
35_S2h78	35169	32675	32546	32440	31867	30210
36_S3h78	28788	26526	26318	26147	25529	24753
37_T1h90	38030	34716	34505	34473	33563	29812
38_T2h90	46948	42887	42607	42445	41316	38945
39_T3h90	44641	41047	40735	40538	39301	36900
40_S1h90	47004	43197	42976	42862	41961	39989
41_S2h90	20325	18936	18820	18814	18478	17843
42_S3h90	25610	23610	23450	23400	22915	22096
43_T1h108	43335	39788	39486	39414	38249	34148
44_T2h108	47179	42991	42466	42541	40382	33020
45_T3h108	44410	40917	40509	40402	39307	36808
46_S1h108	46447	42709	42350	42285	41123	39058
47_S2h108	49800	45480	45273	45049	43919	41667
48_S3h108	8682	8127	8089	8077	7953	7802
49_T1h120	41388	37995	37765	37737	36754	33131
50_T2h120	51124	46681	46199	46082	43694	35832
51_T3h120	48292	44603	44290	44055	43097	40141
52_S1h120	50060	45598	45365	45170	44085	42118
53_S2h120	47914	44035	43737	43667	42739	40359
54_S3h120	29942	27586	27431	27292	26799	25520
55_T1h132	40152	37185	36980	36925	35719	30875
56_T2h132	49058	44669	44276	44118	41964	34222
57_T3h132	42722	39169	38835	38596	37369	35009
58_S1h132	48997	44596	44356	44152	43067	40561
59_S2h132	54049	48928	48573	48331	46922	44473
60_S3h132	12753	11817	11753	11754	11576	11238
61_T1h138	22234	20445	20258	20243	19561	18227
62_T2h138	25188	23117	22913	22812	21987	20857
63_T3h138	24421	22435	22259	22167	21528	20619
64_S1h138	28720	26278	26091	26021	25383	24140
65_S2h138	7334	6743	6689	6686	6525	6450
66_S3h138	29536	27006	26741	26680	25979	24744
67_T1h156	24879	22982	22686	22670	21868	20552
68_T2h156	20738	19175	19004	18890	18233	17366
69_T3h156	24756	22717	22425	22334	21716	20684
70_S1h156	29120	26650	26470	26420	25807	24709
71_S2h156	29049	26758	26589	26512	25801	24636
72_S3h156	29014	25951	25695	25536	24716	23708
73_T1h180	28312	25499	25233	25134	24315	22811
74_T2h180	27796	25418	25137	25022	23585	19263
75_T3h180	28403	25610	25307	25156	24255	23041
76_S1h180	59405	55446	55185	55171	53880	49522
77_S2h180	31288	28143	27949	27736	26706	23285
78_S3h180	29153	26248	26048	25868	25086	23855
C1_12_0.01_1	32288	22562	22237	22280	21412	20062
C1_12_0.01_2	41716	30334	30020	29932	29012	26343
C1_12_0.01_3	47457	34211	33867	33801	32788	29359
C1_12_1_1	33950	25063	24763	24705	23873	21893
C1_12_1_2	36027	26441	26130	26094	25258	23092
C1_12_1_3	36611	26948	26673	26599	25763	23572
C1_12_100_1	24353	17738	17534	17439	16726	15332
C1_12_100_2	45073	33088	32656	32628	31680	28286
C1_12_100_3	35124	25667	25386	25314	24423	22293
C1_12_NB12_1	44146	32273	31730	31765	30339	26736
C1_12_NB12_2	35313	25602	25160	25086	23793	19699
C1_12_NB12_3	44100	31621	31241	31194	29854	24023
C1_47_0.01_1	39462	28692	28437	28368	27565	24511
C1_47_0.01_2	38891	27956	27763	27691	26829	23780
C1_47_0.01_3	49065	35757	35466	35340	34339	29918
C1_47_1_1	36153	26282	26028	25999	25152	22516
C1_47_1_2	48767	35469	35193	35085	34189	30341
C1_47_1_3	37937	27651	27345	27277	26480	24020
C1_47_100_1	51102	37344	36894	36887	35732	31239
C1_47_100_2	39183	28658	28363	28292	27370	23743
C1_47_100_3	37711	27726	27438	27456	26530	23678
C1_47_NB12_1	47843	34441	34119	34028	33100	29400
C1_47_NB12_2	42850	31524	31243	31055	30029	26388
C1_47_NB12_3	42500	31241	30889	30851	29900	27118
C1_71_0.01_1	37886	28059	27813	27773	26783	23420
C1_71_0.01_2	24213	17885	17707	17642	17006	15645
C1_71_0.01_3	32212	23636	23389	23320	22397	19803
C1_71_1_1	37775	27824	27590	27526	26660	23562
C1_71_1_2	8649	6375	6338	6279	6173	5996
C1_71_1_3	37747	27596	27370	27256	26400	23916
C1_71_100_1	39445	29168	28868	28853	27742	23755
C1_71_100_2	34765	25790	25544	25534	24716	22371
C1_71_100_3	41104	30075	29806	29760	28885	25476
C1_71_NB12_1	35294	25772	25553	25501	24557	21759
C1_71_NB12_2	35511	26170	25862	25882	24873	21859
C1_71_NB12_3	38436	28158	27937	27782	26737	23258
C2_120_0.01_1	32120	23706	23508	23417	22895	20786
C2_120_0.01_2	40572	29949	29729	29637	28909	25618
C2_120_0.01_3	44956	33060	32680	32729	31622	28052
C2_120_1_1	11250	8301	8186	8088	7662	7135
C2_120_1_2	37944	28033	27867	27776	26962	23671
C2_120_1_3	22538	16746	16552	16515	15897	14222
C2_120_100_1	26973	19842	19633	19643	19150	18146
C2_120_100_2	33269	24313	24099	24069	23290	20801
C2_120_100_3	41461	30461	30190	30042	28941	24930
C2_120_NB12_1	42559	31146	30914	30871	30010	26911
C2_120_NB12_2	44763	32877	32625	32517	31782	28214
C2_120_NB12_3	40934	30320	30056	29917	29000	25085
C3_178_0.01_1	31866	23735	23590	23574	23059	22293
C3_178_0.01_2	25038	18196	18066	18038	17683	17175
C3_178_0.01_3	28926	20961	20723	20652	20003	18461
C3_178_1_1	31272	23267	23107	23031	22486	21655
C3_178_1_2	38178	28363	28183	28107	27494	25227
C3_178_1_3	14729	10924	10807	10847	10634	10512
C3_178_100_1	693	497	470	465	452	452
C3_178_100_2	23124	16258	16199	16174	15946	15788
C3_178_100_3	30284	22350	22094	22148	21541	20436
C3_178_NB12_1	37065	27113	26955	26916	26332	24772
C3_178_NB12_2	25979	19502	19322	19295	18713	17574
C3_178_NB12_3	40633	29949	29720	29698	28987	27418
C3_191_0.01_1	26504	19653	19411	19400	18653	16247
C3_191_0.01_2	19080	14353	14276	14183	13861	12923
C3_191_0.01_3	40359	29759	29499	29410	28423	23887
C3_191_1_1	25496	19030	18806	18841	18219	16339
C3_191_1_2	18972	14094	13999	13986	13645	12798
C3_191_1_3	20869	15487	15319	15307	14781	12771
C3_191_100_1	36373	27063	26830	26741	25918	22378
C3_191_100_2	32454	24182	23888	23827	23114	20207
C3_191_100_3	23844	17619	17391	17379	16868	15375
C3_191_NB12_1	25951	19240	19104	19067	18544	16814
C3_191_NB12_2	39631	29066	28822	28773	27864	24022
C3_191_NB12_3	45004	32974	32695	32578	31604	27137
C4_228_0.01_1	33837	24834	24581	24540	23859	21060
C4_228_0.01_2	26668	19651	19485	19427	18750	16224
C4_228_0.01_3	39027	28649	28362	28251	27347	22967
C4_228_1_1	20460	15040	14825	14834	14174	12284
C4_228_1_2	4527	3321	3262	3264	3129	3101
C4_228_1_3	22036	16220	15942	16030	15263	13201
C4_228_100_1	36789	26773	26467	26461	25553	21186
C4_228_100_2	32576	24079	23849	23833	23086	19851
C4_228_100_3	18407	13452	13322	13284	12773	11281
C4_228_NB12_1	33985	24909	24690	24608	23686	20296
C4_228_NB12_2	35553	26041	25792	25731	24991	22075
C4_228_NB12_3	62951	46065	45742	45672	44347	36988
C4_241_0.01_1	46528	33982	33757	33694	32836	28615
C4_241_0.01_2	45570	33487	33243	33181	32383	28734
C4_241_0.01_3	44936	32749	32460	32360	31131	26284
C4_241_1_1	44076	32099	31880	31833	30847	26514
C4_241_1_2	49304	35908	35597	35543	34501	29623
C4_241_1_3	41533	30950	30707	30645	29787	25887
C4_241_100_1	42496	30988	30731	30703	29802	25918
C4_241_100_2	38444	28310	28038	27876	26800	21223
C4_241_100_3	47631	34804	34519	34430	33213	28069
C4_241_NB12_1	43160	31750	31383	31359	30269	25868
C4_241_NB12_2	40759	29727	29525	29441	28770	26138
C4_252_0.01_1	88080	64752	64462	64246	62383	50510
C4_252_0.01_2	105430	76360	75920	75849	73590	58503
C4_252_0.1_3	110309	81170	80712	80463	78134	62398
C4_252_1_1	99150	72755	72247	72272	70004	55837
C4_252_1_2	83409	60224	59936	59775	57949	46038
C4_252_1_3	99966	73370	72963	72806	70519	56365
C4_252_100_1	104015	74985	74557	74355	72244	57407
C4_252_100_2	107498	78302	77927	77774	75731	60554
C4_252_100_3	80204	58454	58175	57953	56287	44822
C4_252_NB12_1	115796	83627	83121	82972	80425	64336
C4_252_NB12_2	90226	65577	65168	65072	63117	50166
C4_252_NB12_3	107557	78063	77676	77443	75525	60148
C4_266_0.01_1	131433	96313	95902	95600	92752	73316
C4_266_0.01_2	108495	80041	79608	79480	76830	61028
C4_266_0.01_3	56309	41731	41352	41190	39161	28210
C4_266_1_1	101644	74768	74348	74223	71791	56297
C4_266_1_2	83923	61722	61317	61277	59335	47185
C4_266_1_3	91535	67327	66990	66869	64651	51649
C4_266_100_1	96636	70409	70022	69814	67620	54352
C4_266_100_2	43955	32435	32178	32155	31037	26449
C4_266_100_3	86157	62595	62156	62127	60076	47910
C4_266_NB12_1	107201	78653	78232	78120	75531	59914
C4_266_NB12_2	92978	67968	67620	67493	65491	51803
